tickers,MGM,GM,FBHS,TRIP,PVH,FL,IP,WHR,F,MAT,TJX,MCD,VFC,GPC,HRB,LEN,HAS,PHM,BLL,NKE,JWN,GPS,LEG,LOW,HD,HOG,TIF,AZO,M,MHK,KSS,DHI,SBUX,ORLY,BWA,TSCO,DRI,AMZN,RL,YUM,MAR,BBY,SEE,EBAY,PKG,AAP,KMX,WYNN,LKQ,EXPE,UA,CMG,HBI,ROST,ULTA
MGM,1.0,0.5516745374160461,-0.540673893353816,-0.3413109718189636,-0.21416001247949507,-0.5695069979021296,0.02040890334313171,-0.22089499398953755,0.8293428265861578,-0.39718465750613774,-0.13494427137918638,0.8311402746973032,-0.26936491741545565,0.33519933916531663,-0.08422305798569293,0.0,-0.14064380179099678,-0.5588756168701737,-0.2710718329875583,0.5515887756062025,-0.11009157497200148,-0.6343557136022897,-0.2672229615005118,0.011214536438896597,-0.5671450917631282,0.4524802559756994,0.6765788244633228,-0.030269914798979516,0.07567280578190116,-0.5387421243438312,-0.030573500824937205,-0.6679108587031717,0.3341201374722548,0.0796149393382212,0.8711094289178203,-0.1439559768633379,-0.3078399451883843,-0.7115346439337852,0.7133436474398492,0.06120417743403943,-0.02870338158498826,0.7397281820100464,0.8872304244725742,-0.661427657563953,-0.3735176374945313,0.7364737144302524,0.24718701411290295,0.7593767969027085,0.0,-0.781408866052602,0.6333814368023872,0.6496007343186545,-0.4804735288076905,-0.553870764386787,-0.2714765811645633
GM,0.5516745374160461,0.9999999999999999,0.21498905332125612,-0.42341677717445414,0.5400399428173084,-0.07832662510172589,0.6317467563851922,0.545614461030292,0.8214555380006413,0.20084840377639634,-0.13945743543131633,0.37036141961893676,0.28489800534605036,0.26303002440018963,0.5800991229518871,0.0,0.31486594726365474,0.2321974034592111,0.2453765673509763,0.05798253706423244,0.16483917503989165,-0.08349543507363977,0.534907623212704,0.596796525602534,0.16860810605783672,0.2918157750297903,0.5902369899819342,-0.11357031679380289,0.40078661563288787,0.2739694568466433,0.07032425157531562,-0.05930560415761994,0.0474853300574104,-0.1404561974592693,0.44821210650346516,0.00730483610492896,-0.1733716902725787,-0.16248173876936547,0.5619060157976214,0.2589839175218157,-0.16885106508619263,0.03704746020321932,0.6554403247552661,0.0008741695646489814,0.4105984856840366,0.4048429332157395,0.7971986911656371,0.6523339338102431,0.0,-0.11036930365437592,-0.019910572594135117,-0.09055388556279594,0.21465315343278146,-0.7095760757255758,0.05045776204928314
FBHS,-0.540673893353816,0.21498905332125612,1.0,0.19297910045561326,0.8507185393195691,0.8180295241644842,0.6668350456567838,0.8568292503858395,-0.2994325062380937,0.871787467820236,-0.24031339216051723,-0.6852460934260873,0.75718953253346,-0.09175648227399322,0.6008349542857654,0.0,0.6794968229396816,0.9623690037041068,0.8083927604462242,-0.46077879795350496,0.5134373435345392,0.8625733760900118,0.7793098830137957,0.7238983506656487,0.966052208893743,0.053175226756312526,-0.14280053522330494,0.18487402841471673,0.5276435854443557,0.9572429221004957,0.17954465937061115,0.8941153674693385,-0.01798433868736808,0.0011173687094004296,-0.4568217991623305,0.4836383069640356,0.3954245869734807,0.866352785831411,-0.0901983175342575,0.41618869866233255,0.3111921030563882,-0.8639869089582748,-0.4555609126425207,0.9411946422284967,0.9022454114853417,-0.3337769002849453,0.4447625675549566,-0.08820595241227897,0.0,0.8846323473063433,-0.6447725525712824,-0.7089530394821717,0.9137230889289305,0.22943681667656998,0.7157714659190706
TRIP,-0.3413109718189636,-0.42341677717445414,0.19297910045561326,1.0,-0.01433329775681486,0.17624007228499977,-0.3417824431938904,-0.06291778351869415,-0.38912083431560207,0.05854319814693498,-0.27051125996359054,-0.5091505576795813,-0.19323138441176835,-0.1966931788926245,-0.2189468025327202,0.0,-0.20785391299333197,0.04994207256652303,0.26038394346537236,-0.12771354090327525,-0.3209082705266908,0.11642843808579348,-0.27265551607037974,0.036201734368820786,0.15847939097267918,0.39540109612802665,-0.6477070356977601,0.3753656281903679,-0.18732387513393453,0.16185599677969587,-0.48210704656152964,0.18008771765726336,0.4835500691628327,0.5945487159603918,-0.33323794618944647,0.04183924474853082,-0.026075574069026632,0.34360905047736023,-0.42190525759292596,0.08588376505311618,0.3749606392526217,-0.3883997929027713,-0.35950306844699353,0.26533061876365,-0.06693378580727118,-0.1920976427991246,-0.3243699451925359,-0.4370285563112207,0.0,0.33380584183520634,0.11095630747908816,0.19587839916354888,0.13984916749180343,0.3988298301238429,0.41145498687538207
PVH,-0.21416001247949507,0.5400399428173084,0.8507185393195691,-0.01433329775681486,1.0,0.6099088409546678,0.7918332285362155,0.9422792141825085,0.12581999108964478,0.7971476474940602,-0.2559497276431814,-0.44154001296900913,0.7320611265429265,0.08921451834633526,0.7709673355220301,0.0,0.6525309837228773,0.8287481428410537,0.8261143954908815,-0.3055521955930499,0.5365475691498934,0.6424223680548136,0.8955184967520207,0.8881809759437563,0.8598181553071929,0.22959312874015397,0.14483197466001946,0.15928437563721168,0.6549823138495174,0.8378471207129176,0.1621924105192485,0.609905422969931,0.10535149939570883,0.03193349664677124,-0.20050237663207093,0.3414671215322651,0.16106346392028004,0.564313784106284,0.20966150223884522,0.5125125306502558,0.0622696175810023,-0.6980901539459388,-0.0788080944180585,0.7430822432612004,0.8839012890963452,0.030727300469413958,0.7544959007425632,0.2202812477659838,0.0,0.6400687497017821,-0.5253694184542206,-0.6162890199510005,0.8561123169309189,-0.14918342024282594,0.5721721976632015
FL,-0.5695069979021296,-0.07832662510172589,0.8180295241644842,0.17624007228499977,0.6099088409546678,1.0,0.5572893291641772,0.6610518028386703,-0.5448643222111283,0.8647620315959107,-0.3282903857472992,-0.6422901648043697,0.8199111358532196,-0.11001779635916895,0.3863553842008552,0.0,0.7424402224299763,0.8012919104506874,0.7474710647663563,-0.3202458395126549,0.6924933298013425,0.9447194783569612,0.5592479180986965,0.419852996516075,0.8397215742984657,-0.08113752149982476,-0.1444523943440633,0.3285129517922074,0.5593708553871336,0.7163090413715434,0.39926531761539946,0.8698654802671981,-0.023503582617853666,-0.03726318322428377,-0.3470418042570255,0.6241718491872659,0.6825449682605476,0.8419834299382455,0.0008669651495883893,0.3765235425161222,0.506985869399006,-0.685084590163348,-0.6089347960269273,0.8860209028419221,0.7380469341814608,-0.33412038775390307,0.1710666433914978,-0.1886057594245965,0.0,0.8126692496393707,-0.5904247076429103,-0.5682645994497335,0.8635156741791846,0.6092754186812616,0.7979702872979142
IP,0.02040890334313171,0.6317467563851922,0.6668350456567838,-0.3417824431938904,0.7918332285362155,0.5572893291641772,1.0,0.8480557034132332,0.22794247442553742,0.7656280922541616,-0.18320897944133974,-0.0835217426443541,0.7625867973021088,0.23059436625058247,0.7518587838571497,0.0,0.6915968073608781,0.7175089189733926,0.6419453421584922,-0.2742789625127857,0.6695355684643215,0.56010785206332,0.8397018380773157,0.7216254067002816,0.6602931980390001,0.012796809865093513,0.3955421127633426,0.006530500434778553,0.6485115086672577,0.6572608790260003,0.3069167428291417,0.5137475362364279,-0.09515205006275124,-0.23293895178089197,0.08031368388170462,0.3272168581381059,0.20078589631413288,0.4269759788596842,0.4211653782205313,0.34464035912270047,0.0750287453911546,-0.41297209760102715,0.06446809519657767,0.5757997528488445,0.8550399234100546,0.08666892038327612,0.7682457639987864,0.39485858461807555,0.0,0.42382887978588546,-0.5503785929386258,-0.5673553792223492,0.7392999091907141,-0.1572909143096795,0.435525246534215
WHR,-0.22089499398953755,0.545614461030292,0.8568292503858395,-0.06291778351869415,0.9422792141825085,0.6610518028386703,0.8480557034132332,1.0,0.08215333356413483,0.8704531124392377,-0.3549160695491539,-0.4370649017538753,0.7631230658135941,0.031050019481879028,0.8197444160271883,0.0,0.6899965702479358,0.8699793659600669,0.8073780498584482,-0.3723526872891767,0.5533442871575666,0.6854164815986181,0.8933802278650005,0.8137906332418195,0.8574338757767654,0.12833933959256377,0.1285136767998562,0.12072864947941729,0.5977416560839048,0.8535422340814963,0.21783394212634186,0.6651379234131813,-0.052360361191585506,-0.11316803366013933,-0.20626628822872287,0.3080033466983238,0.25244543908767647,0.5689004605599708,0.2164642441744272,0.4491357804492885,0.0571043220373703,-0.6821156260124914,-0.10143083377801676,0.7633798192830393,0.939426020003115,-0.04967942733435814,0.7009147674745035,0.1551461062014106,0.0,0.6723011579882927,-0.6130934624990987,-0.6784996694065325,0.8960618193665889,-0.11711953848918923,0.5720697431308486
F,0.8293428265861578,0.8214555380006413,-0.2994325062380937,-0.38912083431560207,0.12581999108964478,-0.5448643222111283,0.22794247442553742,0.08215333356413483,0.9999999999999999,-0.27447468352423765,0.01673478268546873,0.6746428269136882,-0.18579681899019135,0.33659032048496723,0.25250516967313247,0.0,-0.11179308782441794,-0.2963846307973754,-0.1302872714281461,0.30071080134141903,-0.16863539560910237,-0.5802371731331945,0.11030217675718322,0.28936051830347886,-0.33205472225690436,0.38984877835821574,0.6207805869425354,-0.17875562288511743,0.10601283699391885,-0.22631594962117352,-0.1559434133584185,-0.5578589669837226,0.21174391572728754,-0.005251738982010897,0.657936518307696,-0.2935497882869907,-0.4929883598443762,-0.607306551235414,0.5596884345608706,0.07941805785150041,-0.3226263144062229,0.44004639335159745,0.8985040370902916,-0.4892489137130137,-0.09768351503707973,0.6203809411467487,0.5985869872672166,0.7084301829119111,0.0,-0.574263251818603,0.3720864704038897,0.3345432069702858,-0.272307420043591,-0.8469932703610861,-0.2987269553559786
MAT,-0.39718465750613774,0.20084840377639634,0.871787467820236,0.05854319814693498,0.7971476474940602,0.8647620315959107,0.7656280922541616,0.8704531124392377,-0.27447468352423765,0.9999999999999998,-0.41143061548981563,-0.5767764150756929,0.8516851708836727,0.06369915243651848,0.6026789016259337,0.0,0.8000418632625468,0.875772385137095,0.8531546711668305,-0.3731466103368701,0.699324980829533,0.878732242658435,0.7392512980799565,0.636706424169357,0.8838633630445163,0.04738921847140451,-0.004702539649783279,0.24336671884705688,0.6201366552552865,0.8161343740293572,0.3271169937120906,0.802840730192595,-0.06684840327542345,-0.057008274412610596,-0.28740500200036,0.4973764605544905,0.4804030787699899,0.7609009569561356,0.15723645279902215,0.43632463850610426,0.3186345112845334,-0.7076643873832427,-0.38710420355396424,0.8862865902435149,0.8947264245016626,-0.17641067539708677,0.43265965745310064,-0.012904176888592484,0.0,0.7920229096373594,-0.6311920249516749,-0.6824189057029963,0.9429191514013022,0.3003591072774085,0.706797906208636
TJX,-0.13494427137918638,-0.13945743543131633,-0.24031339216051723,-0.27051125996359054,-0.2559497276431814,-0.3282903857472992,-0.18320897944133974,-0.3549160695491539,0.01673478268546873,-0.41143061548981563,1.0,0.2020864024580188,-0.35779175406812785,0.08276744312107609,0.007479067061326509,0.0,-0.31665861011064134,-0.14903803671120008,-0.41853714032928585,-0.14881388296623344,-0.2702197094821511,-0.30597653543591774,0.027250703336267987,-0.2709966431795024,-0.23239974745467049,-0.5142040429203925,-0.09519789770591927,-0.5664945096631278,-0.40948171047618087,-0.17216215142783248,-0.17623230739249532,-0.160358437530418,-0.35249883370078905,-0.3844931847277625,-0.2111620989010809,-0.40166971468140855,-0.40396094631987567,-0.10453598678441631,-0.4506507794239993,-0.4808567539894089,-0.4119206192295727,0.13180518005166536,-0.034571066671071404,-0.25606732367586715,-0.21056912851330833,-0.3202291570109901,-0.011701195110208491,-0.10055065084668449,0.0,-0.16110879656925284,-0.1803418815783978,-0.14362479546273815,-0.3372957776307858,-0.19235497889750605,-0.5073203906709147
MCD,0.8311402746973032,0.37036141961893676,-0.6852460934260873,-0.5091505576795813,-0.44154001296900913,-0.6422901648043697,-0.0835217426443541,-0.4370649017538753,0.6746428269136882,-0.5767764150756929,0.2020864024580188,0.9999999999999999,-0.34982319733675876,0.3154901505394949,-0.19098689986509232,0.0,-0.28028286731236374,-0.6424024168176476,-0.5561010384052196,0.5015492748326029,-0.14748138578535597,-0.7106631323427306,-0.32816940184634225,-0.2599689199713493,-0.7150281743496343,0.04435440980251792,0.620017572385281,-0.2423626672798717,-0.1351182086227505,-0.6571675154416261,0.05637706913855271,-0.6944824171724387,0.06911154187846968,-0.15240651648675313,0.7570039767650824,-0.27734276975443006,-0.32444528937772577,-0.7410767222489222,0.5181480803296139,-0.18977852144336882,-0.20050008451894788,0.8195722021701815,0.7870656292625295,-0.7867553813271737,-0.4948033967459389,0.5360119651002206,0.0706842948004851,0.6009562457015037,0.0,-0.8454819477233877,0.4735344448340823,0.5799848489425368,-0.6570081297165327,-0.5063894965602584,-0.5245680128222575
VFC,-0.26936491741545565,0.28489800534605036,0.75718953253346,-0.19323138441176835,0.7320611265429265,0.8199111358532196,0.7625867973021088,0.7631230658135941,-0.18579681899019135,0.8516851708836727,-0.35779175406812785,-0.34982319733675876,0.9999999999999999,0.048466049981018375,0.49958088084320185,0.0,0.8208423954740567,0.7645023173861787,0.7250492683315484,-0.18545044673325417,0.8142942305787806,0.8322984689861391,0.7016832234608963,0.6040667141916419,0.792716398079212,0.03270007398512739,0.2561916061088799,0.3499200042483657,0.7453176631660943,0.6872582250656661,0.554338800697322,0.7251980019022716,-0.037398374601749454,-0.06207166926189221,-0.10439952691497775,0.6249452813838221,0.6278870311539942,0.6175605320936872,0.3510258576886995,0.5539016813532855,0.3590635223778367,-0.5163185281558285,-0.2425249016618823,0.7529029325977266,0.7983159157280126,-0.024653640558712435,0.4289614936842116,0.2025725501471441,0.0,0.6110083361163301,-0.5024489851569416,-0.5470367612606413,0.7999272451678265,0.2755749413817704,0.6423490041930439
GPC,0.33519933916531663,0.26303002440018963,-0.09175648227399322,-0.1966931788926245,0.08921451834633526,-0.11001779635916895,0.23059436625058247,0.031050019481879028,0.33659032048496723,0.06369915243651848,0.08276744312107609,0.3154901505394949,0.048466049981018375,1.0,0.018954626011939178,0.0,0.2357029939814681,-0.08165987809990473,0.05593587298199185,0.22323659234592821,0.188703509998476,-0.12584400981929827,0.1252121261382973,0.09393357768168642,-0.12767216497416622,0.1668275212794544,0.34382536625408144,-0.07634010565560659,0.2059738580411022,-0.0174299828113371,0.1299710877088574,-0.18898776838032524,0.022847337530302003,0.15390842511919822,0.39859374419814475,0.04998345291209478,-0.17850631061021016,-0.08262634491193346,0.3942304566545042,0.0946651454718335,-0.055779997685810066,0.1320879295768093,0.34409433560095803,-0.10558878418672357,0.0251991381194721,0.3864209742202012,0.2864006150777261,0.3134552723699736,0.0,-0.15024221512225308,0.0009795604948847937,0.0030274913478162777,-0.01757110707700791,-0.21033964319891724,-0.20933933233870883
HRB,-0.08422305798569293,0.5800991229518871,0.6008349542857654,-0.2189468025327202,0.7709673355220301,0.3863553842008552,0.7518587838571497,0.8197444160271883,0.25250516967313247,0.6026789016259337,0.007479067061326509,-0.19098689986509232,0.49958088084320185,0.018954626011939178,1.0,0.0,0.4396506497120861,0.6893303978051216,0.6099432046166267,-0.4258984398299259,0.33502542285705594,0.3853250078862417,0.8661579286309433,0.6608338121658901,0.6414658574479728,-0.09380999428538266,0.10460972724784115,-0.2275673610388652,0.2971944767506236,0.6479289745405004,0.06431297092147858,0.45033214728336335,-0.13535857976125526,-0.3992735473653271,-0.20838568366638882,-0.042717138016731604,-0.057299120571542975,0.32556016455687914,0.07667936738791456,0.13568165167302526,-0.22237270772701026,-0.48071706874142983,0.04576140665976683,0.49308168334952457,0.7989548095524619,-0.12493438083289649,0.6866484002240432,0.16992568334307204,0.0,0.43849034574690715,-0.6444743689122165,-0.6332543706982945,0.6683537838224474,-0.3337624019390972,0.30934709289341267
LEN,0.0,0.0,0.0,0.0,0.0,0.0,0.0,0.0,0.0,0.0,0.0,0.0,0.0,0.0,0.0,1.0,0.0,0.0,0.0,0.0,0.0,0.0,0.0,0.0,0.0,0.0,0.0,0.0,0.0,0.0,0.0,0.0,0.0,0.0,0.0,0.0,0.0,0.0,0.0,0.0,0.0,0.0,0.0,0.0,0.0,0.0,0.0,0.0,0.0,0.0,0.0,0.0,0.0,0.0,0.0
HAS,-0.14064380179099678,0.31486594726365474,0.6794968229396816,-0.20785391299333197,0.6525309837228773,0.7424402224299763,0.6915968073608781,0.6899965702479358,-0.11179308782441794,0.8000418632625468,-0.31665861011064134,-0.28028286731236374,0.8208423954740567,0.2357029939814681,0.4396506497120861,0.0,1.0,0.6694210346551439,0.6861626807980638,-0.06346817073098468,0.759495641846064,0.7499451558590596,0.6246691632005978,0.52315104913144,0.6780234380412489,0.02938368996654773,0.3100400534576754,0.18461566045919808,0.740956807306081,0.6036896964777039,0.5422341705505169,0.6073614577981336,-0.06723640790172998,-0.10623649138045595,0.04710661899787551,0.6546819066876695,0.5808769874830573,0.5954531778766979,0.4008910304626251,0.4866551036180146,0.39029269252171994,-0.40721219635472605,-0.18095385113253903,0.6525658262005178,0.7023299617814569,0.0018600410760656492,0.4365920907688108,0.20256328137919388,0.0,0.5349037324249777,-0.41390158941961036,-0.4931339683304801,0.7117209272963583,0.23298926564925476,0.5552342954057243
PHM,-0.5588756168701737,0.2321974034592111,0.9623690037041068,0.04994207256652303,0.8287481428410537,0.8012919104506874,0.7175089189733926,0.8699793659600669,-0.2963846307973754,0.875772385137095,-0.14903803671120008,-0.6424024168176476,0.7645023173861787,-0.08165987809990473,0.6893303978051216,0.0,0.6694210346551439,1.0,0.7513871715964253,-0.5674475320884931,0.5322630136290214,0.8565541888329139,0.8436783051632807,0.6517273929203221,0.9536320187269571,-0.11664375583123328,-0.15540183484632725,0.033521471276934195,0.44246864539579855,0.9562325907918786,0.23357459459190028,0.9135097572437442,-0.20108493636025587,-0.2049068966288154,-0.50838836999889,0.38859029572975057,0.36622378870506267,0.844414821106394,-0.13020984020696283,0.2954077248174456,0.19322242151223626,-0.838462407934536,-0.4617280250168795,0.9255967811744384,0.9460069874097772,-0.42437798866425525,0.4431901172583611,-0.12800911645964436,0.0,0.8879913071272069,-0.7823551399122145,-0.8235250654391371,0.9205581220151254,0.1855347017272177,0.6158972609435812
BLL,-0.2710718329875583,0.2453765673509763,0.8083927604462242,0.26038394346537236,0.8261143954908815,0.7474710647663563,0.6419453421584922,0.8073780498584482,-0.1302872714281461,0.8531546711668305,-0.41853714032928585,-0.5561010384052196,0.7250492683315484,0.05593587298199185,0.6099432046166267,0.0,0.6861626807980638,0.7513871715964253,1.0,-0.2967464971476036,0.5856762044438002,0.7476968681991971,0.6702891218787419,0.7541917117000843,0.8482732958039789,0.3279583092732567,-0.03520722315914574,0.367556329256002,0.62375988841196,0.748754150351583,0.16211757578068775,0.6570449008614916,0.30361621233470765,0.20550152709166666,-0.2028303026147681,0.5098876009383484,0.32271123141923064,0.6638140372233786,0.16803508192644517,0.5502571327592197,0.37053973530428436,-0.6991028720513193,-0.255884023084567,0.7973666576418825,0.7878050197822588,0.0026015944167101165,0.4719960142980779,0.07836738296213187,0.0,0.6812775013740888,-0.4356468567466109,-0.44527341249086855,0.8688194174364965,0.2356042380479832,0.7821904777483499
NKE,0.5515887756062025,0.05798253706423244,-0.46077879795350496,-0.12771354090327525,-0.3055521955930499,-0.3202458395126549,-0.2742789625127857,-0.3723526872891767,0.30071080134141903,-0.3731466103368701,-0.14881388296623344,0.5015492748326029,-0.18545044673325417,0.22323659234592821,-0.4258984398299259,0.0,-0.06346817073098468,-0.5674475320884931,-0.2967464971476036,0.9999999999999999,-0.0616183536648358,-0.39632448174274826,-0.43021975573203564,-0.1541197628934211,-0.47789267055477835,0.3899282752138671,0.4871229260984006,0.31962084836898874,0.17824126455783518,-0.5575067700733985,0.11923379571810858,-0.5314700543599772,0.35124482795739376,0.3723180340955954,0.6083283823226968,0.11163766864450284,0.05332230498226687,-0.4943851360739759,0.5212788364748168,0.23707576389394874,0.11529454453769321,0.5583616238555993,0.46516070513395835,-0.4957088206000126,-0.5125667941470153,0.5911892768906746,-0.07264027018211139,0.4374712256569714,0.0,-0.5839661171955179,0.6677821265920432,0.6144933039518508,-0.4612233393058761,-0.12503533370031217,-0.17701973851596425
JWN,-0.11009157497200148,0.16483917503989165,0.5134373435345392,-0.3209082705266908,0.5365475691498934,0.6924933298013425,0.6695355684643215,0.5533442871575666,-0.16863539560910237,0.699324980829533,-0.2702197094821511,-0.14748138578535597,0.8142942305787806,0.188703509998476,0.33502542285705594,0.0,0.759495641846064,0.5322630136290214,0.5856762044438002,-0.0616183536648358,1.0,0.7152510527487004,0.5448970274646114,0.40313599555108826,0.547879786505601,-0.004494645762758275,0.4428982653569685,0.2816481437632168,0.7895893637999393,0.4252993764008767,0.7663986883510093,0.5473392569257134,-0.01859652794131554,-0.10709256750457792,0.13555975152390415,0.646028281086169,0.6090074106735456,0.42381390928615914,0.5139569970124325,0.4931791589440705,0.3712108344399142,-0.23228607164621223,-0.15884789071472263,0.5125473606583425,0.5674255395427297,0.1948379673540638,0.37143939506082946,0.3039304211692914,0.0,0.35344844459969665,-0.3913873638623888,-0.3816061055258799,0.608079177344222,0.34078978747413086,0.46373756429064567
GPS,-0.6343557136022897,-0.08349543507363977,0.8625733760900118,0.11642843808579348,0.6424223680548136,0.9447194783569612,0.56010785206332,0.6854164815986181,-0.5802371731331945,0.878732242658435,-0.30597653543591774,-0.7106631323427306,0.8322984689861391,-0.12584400981929827,0.3853250078862417,0.0,0.7499451558590596,0.8565541888329139,0.7476968681991971,-0.39632448174274826,0.7152510527487004,1.0,0.6020091517804664,0.4508153999278911,0.8863557161898474,-0.11295151113784865,-0.1455317109642754,0.3046737765049001,0.5751754588277462,0.7828076664835116,0.44887631136984335,0.9110504577550136,-0.11195874320954362,-0.04499632462963372,-0.42869246312308446,0.663412060981208,0.688153882289489,0.8685177190871614,-0.04345195596445772,0.41436837962092904,0.46342773694334066,-0.7352049920729603,-0.6560351340994865,0.9195646501246681,0.7801667103066707,-0.3550081863269688,0.16449525686801253,-0.19141191990335216,0.0,0.8599317715540682,-0.6255759017616829,-0.6635992600662475,0.8701782651690775,0.5824624846497016,0.72664587493083
LEG,-0.2672229615005118,0.534907623212704,0.7793098830137957,-0.27265551607037974,0.8955184967520207,0.5592479180986965,0.8397018380773157,0.8933802278650005,0.11030217675718322,0.7392512980799565,0.027250703336267987,-0.32816940184634225,0.7016832234608963,0.1252121261382973,0.8661579286309433,0.0,0.6246691632005978,0.8436783051632807,0.6702891218787419,-0.43021975573203564,0.5448970274646114,0.6020091517804664,1.0,0.7507199372530968,0.799057213007498,-0.09415821597463081,0.16786189273999186,-0.1287242949751708,0.512664139244084,0.807715882816168,0.2475344922895195,0.6168948623954804,-0.20922282375435525,-0.30292394412810775,-0.2673329477608802,0.19544737827421366,0.10867046909583628,0.5254943451715438,0.08943065252815328,0.30074755525850755,-0.12326380396500725,-0.6370488226307072,-0.09453578736399752,0.6824426994457495,0.8988906901626703,-0.13962345676177512,0.7579066765209108,0.17339010230050123,0.0,0.6073717592619065,-0.722641829333641,-0.7872275824918753,0.7929484511979434,-0.21886727471515754,0.35510495355419885
LOW,0.011214536438896597,0.596796525602534,0.7238983506656487,0.036201734368820786,0.8881809759437563,0.419852996516075,0.7216254067002816,0.8137906332418195,0.28936051830347886,0.636706424169357,-0.2709966431795024,-0.2599689199713493,0.6040667141916419,0.09393357768168642,0.6608338121658901,0.0,0.52315104913144,0.6517273929203221,0.7541917117000843,-0.1541197628934211,0.40313599555108826,0.4508153999278911,0.7507199372530968,1.0,0.7242002982854707,0.453983709161593,0.26680594629627363,0.259006126584705,0.6379261352721419,0.6978333460241349,-0.002986371061095453,0.4325456657019777,0.3424031165711438,0.2286565057909993,-0.018090561415953502,0.33421325257719203,0.035509779213461504,0.403316903268963,0.3052112950059399,0.6117193857866016,0.1331418786196158,-0.5577074723485079,0.13727383432445572,0.5711735738089236,0.7374147390170447,0.22347694652500974,0.7744467803394564,0.45225554162114745,0.0,0.4181072258627798,-0.2591201189732947,-0.36105170725749847,0.6652762446961606,-0.26560070383190937,0.5508169516558519
HD,-0.5671450917631282,0.16860810605783672,0.966052208893743,0.15847939097267918,0.8598181553071929,0.8397215742984657,0.6602931980390001,0.8574338757767654,-0.33205472225690436,0.8838633630445163,-0.23239974745467049,-0.7150281743496343,0.792716398079212,-0.12767216497416622,0.6414658574479728,0.0,0.6780234380412489,0.9536320187269571,0.8482732958039789,-0.47789267055477835,0.547879786505601,0.8863557161898474,0.799057213007498,0.7242002982854707,1.0,0.025209070190700497,-0.17676834647926856,0.2189299743051291,0.5338272691664064,0.9229849304144435,0.1857673239570436,0.8756470967967553,-0.022597420718793344,-0.012086760813519745,-0.5026995019262991,0.4702162105205415,0.4040937659376532,0.8483824717709111,-0.09541236826420388,0.41381593183197163,0.26525988015230717,-0.8655533419245325,-0.48968699558328965,0.9505645978160886,0.9127401140166909,-0.3309548284478614,0.4160585162074678,-0.09867881965741289,0.0,0.8894880801327627,-0.6678158065019555,-0.7368176616651797,0.9388556086435211,0.2660555102316792,0.732934309569041
HOG,0.4524802559756994,0.2918157750297903,0.053175226756312526,0.39540109612802665,0.22959312874015397,-0.08113752149982476,0.012796809865093513,0.12833933959256377,0.38984877835821574,0.04738921847140451,-0.5142040429203925,0.04435440980251792,0.03270007398512739,0.1668275212794544,-0.09380999428538266,0.0,0.02938368996654773,-0.11664375583123328,0.3279583092732567,0.3899282752138671,-0.004494645762758275,-0.11295151113784865,-0.09415821597463081,0.453983709161593,0.025209070190700497,1.0,0.262650011856409,0.5758847647528886,0.36861093363081676,-0.005616085361159373,-0.16850587063107875,-0.16965834151526704,0.7531148171317446,0.7511788366090861,0.40752027190083423,0.24562709530508822,-0.07002310341503792,-0.1324318387052366,0.4556064487186905,0.5961407754169565,0.3683194246713306,0.025500319582474763,0.434492321279053,-0.021205938545998185,-0.05852411387430478,0.6274204915896584,0.2603417297388898,0.48933161483571225,0.0,-0.15197410632018266,0.5385451225701283,0.4777619145340625,0.031727605325311575,-0.14883446933737185,0.314007511319216
TIF,0.6765788244633228,0.5902369899819342,-0.14280053522330494,-0.6477070356977601,0.14483197466001946,-0.1444523943440633,0.3955421127633426,0.1285136767998562,0.6207805869425354,-0.004702539649783279,-0.09519789770591927,0.620017572385281,0.2561916061088799,0.34382536625408144,0.10460972724784115,0.0,0.3100400534576754,-0.15540183484632725,-0.03520722315914574,0.4871229260984006,0.4428982653569685,-0.1455317109642754,0.16786189273999186,0.26680594629627363,-0.17676834647926856,0.262650011856409,1.0,0.08430024352632848,0.5373846154265356,-0.17564822680663342,0.48236607450346963,-0.25632466424876843,0.13999042928108751,-0.03625586202181278,0.7548353038255673,0.2238958192429849,0.10404278882535582,-0.3891230585898808,0.8369859480328552,0.3987193356839216,0.017011810728471626,0.46445171078564973,0.6813633747725216,-0.2961638137072695,0.004673365251783609,0.7151212714189568,0.5062713607970145,0.8428201063591348,0.0,-0.4778031845310964,0.27567646463606976,0.22805741291871678,-0.13876033624750767,-0.4135521379537103,-0.1382379962165951
AZO,-0.030269914798979516,-0.11357031679380289,0.18487402841471673,0.3753656281903679,0.15928437563721168,0.3285129517922074,0.006530500434778553,0.12072864947941729,-0.17875562288511743,0.24336671884705688,-0.5664945096631278,-0.2423626672798717,0.3499200042483657,-0.07634010565560659,-0.2275673610388652,0.0,0.18461566045919808,0.033521471276934195,0.367556329256002,0.31962084836898874,0.2816481437632168,0.3046737765049001,-0.1287242949751708,0.259006126584705,0.2189299743051291,0.5758847647528886,0.08430024352632848,0.9999999999999998,0.4774204017777093,0.08413338067166604,0.18021479812817026,0.16555022018332172,0.5392161453805986,0.726882846189677,0.11455407807845354,0.5232142214054402,0.503861262658718,0.12515624748182538,0.3152592833408141,0.6586147350012042,0.5233422221196693,-0.11499258511031075,-0.035554192379962976,0.20656190271224922,0.049416517277366394,0.414568973645691,-0.08189198942296,0.16674049454667972,0.0,0.12343365771468758,0.29838731915042394,0.2771724637216596,0.1955990395295295,0.40150033301234733,0.5024057491417435
M,0.07567280578190116,0.40078661563288787,0.5276435854443557,-0.18732387513393453,0.6549823138495174,0.5593708553871336,0.6485115086672577,0.5977416560839048,0.10601283699391885,0.6201366552552865,-0.40948171047618087,-0.1351182086227505,0.7453176631660943,0.2059738580411022,0.2971944767506236,0.0,0.740956807306081,0.44246864539579855,0.62375988841196,0.17824126455783518,0.7895893637999393,0.5751754588277462,0.512664139244084,0.6379261352721419,0.5338272691664064,0.36861093363081676,0.5373846154265356,0.4774204017777093,1.0,0.4170672650859904,0.5341323795537438,0.36003226604298294,0.2757571012756588,0.25134942379159764,0.28439127727255603,0.7031757478029008,0.4637213564079652,0.31532454866908655,0.6282437363918736,0.7289846834095142,0.38555683369195914,-0.25848038422691944,0.03040121669752007,0.4535186940299143,0.514356434236918,0.41762714226847775,0.575207891613013,0.4914191993427832,0.0,0.2662934473208457,-0.07732573730824771,-0.19891372761027615,0.5604379153658139,0.11446688363675925,0.526235596897159
MHK,-0.5387421243438312,0.2739694568466433,0.9572429221004957,0.16185599677969587,0.8378471207129176,0.7163090413715434,0.6572608790260003,0.8535422340814963,-0.22631594962117352,0.8161343740293572,-0.17216215142783248,-0.6571675154416261,0.6872582250656661,-0.0174299828113371,0.6479289745405004,0.0,0.6036896964777039,0.9562325907918786,0.748754150351583,-0.5575067700733985,0.4252993764008767,0.7828076664835116,0.807715882816168,0.6978333460241349,0.9229849304144435,-0.005616085361159373,-0.17564822680663342,0.08413338067166604,0.4170672650859904,1.0,0.1484628650295575,0.8595312123427958,-0.10931879984096134,-0.0567771943765686,-0.4925080816433606,0.3528133418521328,0.2969224953412098,0.8098449348144747,-0.15369497786574793,0.35238371744976027,0.16880006151879012,-0.8592325125480096,-0.39254752883950056,0.8846520045460115,0.9086980614237021,-0.3538558295843141,0.4662113971699135,-0.12552686728497273,0.0,0.8665943727474438,-0.7111623645422926,-0.7605811213326021,0.8699748343203222,0.10476444223007783,0.5754795681009934
KSS,-0.030573500824937205,0.07032425157531562,0.17954465937061115,-0.48210704656152964,0.1621924105192485,0.39926531761539946,0.3069167428291417,0.21783394212634186,-0.1559434133584185,0.3271169937120906,-0.17623230739249532,0.05637706913855271,0.554338800697322,0.1299710877088574,0.06431297092147858,0.0,0.5422341705505169,0.23357459459190028,0.16211757578068775,0.11923379571810858,0.7663986883510093,0.44887631136984335,0.2475344922895195,-0.002986371061095453,0.1857673239570436,-0.16850587063107875,0.48236607450346963,0.18021479812817026,0.5341323795537438,0.1484628650295575,1.0,0.332973397373607,-0.23607024703171953,-0.2558417834601855,0.2012674438235727,0.5210876835595619,0.672114489318633,0.10639374065802126,0.45415986318080304,0.39612868205665086,0.22652944015369755,0.06970810634593208,-0.03605965900293645,0.15218591184962033,0.2286878208050166,0.18602428470460947,0.07635271987293965,0.2087109389799121,0.0,0.08559533694555302,-0.2264593059911204,-0.215264379836077,0.21052284411342628,0.2546697825535722,0.07965118714943588
DHI,-0.6679108587031717,-0.05930560415761994,0.8941153674693385,0.18008771765726336,0.609905422969931,0.8698654802671981,0.5137475362364279,0.6651379234131813,-0.5578589669837226,0.802840730192595,-0.160358437530418,-0.6944824171724387,0.7251980019022716,-0.18898776838032524,0.45033214728336335,0.0,0.6073614577981336,0.9135097572437442,0.6570449008614916,-0.5314700543599772,0.5473392569257134,0.9110504577550136,0.6168948623954804,0.4325456657019777,0.8756470967967553,-0.16965834151526704,-0.25632466424876843,0.16555022018332172,0.36003226604298294,0.8595312123427958,0.332973397373607,1.0,-0.1564639305023528,-0.1563326042470693,-0.5351928076016698,0.5042641555700191,0.5812334052334066,0.8955649718632921,-0.22384335624015,0.2770987209872091,0.43029750074382034,-0.7629959180829995,-0.6224016525083234,0.9068372887553721,0.7907269799484046,-0.5090353167919408,0.14120071581864166,-0.25502995750907875,0.0,0.8817776101759564,-0.706465545279133,-0.6949665953426154,0.8184728082974004,0.4937272345110008,0.6703804877837423
SBUX,0.3341201374722548,0.0474853300574104,-0.01798433868736808,0.4835500691628327,0.10535149939570883,-0.023503582617853666,-0.09515205006275124,-0.052360361191585506,0.21174391572728754,-0.06684840327542345,-0.35249883370078905,0.06911154187846968,-0.037398374601749454,0.022847337530302003,-0.13535857976125526,0.0,-0.06723640790172998,-0.20108493636025587,0.30361621233470765,0.35124482795739376,-0.01859652794131554,-0.11195874320954362,-0.20922282375435525,0.3424031165711438,-0.022597420718793344,0.7531148171317446,0.13999042928108751,0.5392161453805986,0.2757571012756588,-0.10931879984096134,-0.23607024703171953,-0.1564639305023528,1.0,0.739424491681653,0.36093986560554764,0.2742415559405261,-0.0794068957563869,-0.08710651447479979,0.2945108362426275,0.46265422500786224,0.4395617385167186,0.026278697105979694,0.2551422566384025,-0.06492662798080033,-0.16368685681488765,0.529030228888924,0.08278202398352796,0.3693826345849345,0.0,-0.21182507416778446,0.5073348640986874,0.5949580487806556,-0.06117466333339227,0.05524436118969878,0.4027513672469408
ORLY,0.0796149393382212,-0.1404561974592693,0.0011173687094004296,0.5945487159603918,0.03193349664677124,-0.03726318322428377,-0.23293895178089197,-0.11316803366013933,-0.005251738982010897,-0.057008274412610596,-0.3844931847277625,-0.15240651648675313,-0.06207166926189221,0.15390842511919822,-0.3992735473653271,0.0,-0.10623649138045595,-0.2049068966288154,0.20550152709166666,0.3723180340955954,-0.10709256750457792,-0.04499632462963372,-0.30292394412810775,0.2286565057909993,-0.012086760813519745,0.7511788366090861,-0.03625586202181278,0.726882846189677,0.25134942379159764,-0.0567771943765686,-0.2558417834601855,-0.1563326042470693,0.739424491681653,1.0,0.15755684019019045,0.29244911900237147,-0.0084284229368227,-0.0043116064055945084,0.13736142470807794,0.4989821732376171,0.3415681516613672,-0.10395670982842443,0.06744089502093793,0.008835804482021448,-0.20503345215077035,0.4603869020041965,-0.0722868809571981,0.14438522745372012,0.0,-0.04974849989573095,0.4901605966859519,0.46619719641063945,-0.053763382681230654,0.1664841334995503,0.26504456506749985
BWA,0.8711094289178203,0.44821210650346516,-0.4568217991623305,-0.33323794618944647,-0.20050237663207093,-0.3470418042570255,0.08031368388170462,-0.20626628822872287,0.657936518307696,-0.28740500200036,-0.2111620989010809,0.7570039767650824,-0.10439952691497775,0.39859374419814475,-0.20838568366638882,0.0,0.04710661899787551,-0.50838836999889,-0.2028303026147681,0.6083283823226968,0.13555975152390415,-0.42869246312308446,-0.2673329477608802,-0.018090561415953502,-0.5026995019262991,0.40752027190083423,0.7548353038255673,0.11455407807845354,0.28439127727255603,-0.4925080816433606,0.2012674438235727,-0.5351928076016698,0.36093986560554764,0.15755684019019045,1.0,0.16692412487267191,-0.022550552944726528,-0.5668396814509695,0.7974858352212122,0.22143867288181032,0.19329447439473982,0.6861095847830375,0.7436254363141029,-0.5458575276201034,-0.3510210970248133,0.7652845992182662,0.2144989665940794,0.7329847824061115,0.0,-0.6929987189854094,0.6082307061566787,0.6448817418752832,-0.3953946789559538,-0.3083833926521127,-0.14376581720720455
TSCO,-0.1439559768633379,0.00730483610492896,0.4836383069640356,0.04183924474853082,0.3414671215322651,0.6241718491872659,0.3272168581381059,0.3080033466983238,-0.2935497882869907,0.4973764605544905,-0.40166971468140855,-0.27734276975443006,0.6249452813838221,0.04998345291209478,-0.042717138016731604,0.0,0.6546819066876695,0.38859029572975057,0.5098876009383484,0.11163766864450284,0.646028281086169,0.663412060981208,0.19544737827421366,0.33421325257719203,0.4702162105205415,0.24562709530508822,0.2238958192429849,0.5232142214054402,0.7031757478029008,0.3528133418521328,0.5210876835595619,0.5042641555700191,0.2742415559405261,0.29244911900237147,0.16692412487267191,1.0,0.6889769053305559,0.4966192676474548,0.3218382875646672,0.634024641727846,0.7284943259095544,-0.296394861975131,-0.25592984965703164,0.4953986027858354,0.35070052027381604,0.11076188326001728,0.07944157450344874,0.20569332121004041,0.0,0.3648803208241808,-0.01692894553038119,-0.08725244112003094,0.41905886466824027,0.5161284288336503,0.6295762506847435
DRI,-0.3078399451883843,-0.1733716902725787,0.3954245869734807,-0.026075574069026632,0.16106346392028004,0.6825449682605476,0.20078589631413288,0.25244543908767647,-0.4929883598443762,0.4804030787699899,-0.40396094631987567,-0.32444528937772577,0.6278870311539942,-0.17850631061021016,-0.057299120571542975,0.0,0.5808769874830573,0.36622378870506267,0.32271123141923064,0.05332230498226687,0.6090074106735456,0.688153882289489,0.10867046909583628,0.035509779213461504,0.4040937659376532,-0.07002310341503792,0.10404278882535582,0.503861262658718,0.4637213564079652,0.2969224953412098,0.672114489318633,0.5812334052334066,-0.0794068957563869,-0.0084284229368227,-0.022550552944726528,0.6889769053305559,0.9999999999999999,0.4387961135685205,0.20673935229535245,0.447351623730352,0.6137107329978395,-0.1654177743003783,-0.3845749611225241,0.44870164810853375,0.29759704576974144,-0.11229307216841755,-0.18416029020571698,-0.05650192980471931,0.0,0.40933647166356185,-0.14271252798368098,-0.15987016889735056,0.39434110271229705,0.6425095440593054,0.5156629969591345
AMZN,-0.7115346439337852,-0.16248173876936547,0.866352785831411,0.34360905047736023,0.564313784106284,0.8419834299382455,0.4269759788596842,0.5689004605599708,-0.607306551235414,0.7609009569561356,-0.10453598678441631,-0.7410767222489222,0.6175605320936872,-0.08262634491193346,0.32556016455687914,0.0,0.5954531778766979,0.844414821106394,0.6638140372233786,-0.4943851360739759,0.42381390928615914,0.8685177190871614,0.5254943451715438,0.403316903268963,0.8483824717709111,-0.1324318387052366,-0.3891230585898808,0.12515624748182538,0.31532454866908655,0.8098449348144747,0.10639374065802126,0.8955649718632921,-0.08710651447479979,-0.0043116064055945084,-0.5668396814509695,0.4966192676474548,0.4387961135685205,1.0,-0.3268681875419835,0.16823870575065203,0.4475717576949294,-0.8221687334039874,-0.7133273032309422,0.9277145878856752,0.7144105910632943,-0.5668727558786713,0.09072009097979092,-0.35494009280455174,0.0,0.9286355080888725,-0.6401575337664485,-0.6436507753898222,0.8001775584412956,0.5516711709521542,0.6938716004979324
