tickers,HON,FAST,ETN,WM,GE,HII,KSU,XYL,CAT,DE,BA,LMT,EMR,MMM,TXT,CTAS,NOC,DOV,ALK,FLS,MAS,CMI,PH,JCI,JBHT,SWK,AVY,ADP,UNP,RHI,EFX,GWW,ITW,LUV,SNA,PCAR,FDX,PAYX,PNR,CSX,NSC,AOS,ROP,SRCL,ROK,AME,CHRW,URI,PWR,RSG,UPS,EXPD,FLR,GPN,AYI,UAL,TDG,DAL,VRSK
HON,1.0,0.3150353672194707,0.0,0.16483656067200317,0.5514338551298115,0.5528907649820474,0.7583090544691247,0.3959265479246865,0.13290763482442336,0.6559604129770805,0.2998531773117675,0.7487803704795324,0.7229896145019967,0.6218301902934307,0.3976591623660981,0.7500352050531591,0.5680700651863294,0.6733509399985969,0.02163972154632881,0.7754800607444491,0.6126608379622203,0.3433903894912552,0.5156269878386345,0.008279993898148541,0.2171256686345837,0.640899091946599,0.7994083771193566,0.5319491519525417,0.47449792013550074,0.1670547730671324,0.4595905720149989,0.5051928392924212,0.8069485666412037,0.23505167806910265,0.6729355883624349,0.6787765293926314,0.3080676342034063,0.430297970678216,0.0,-0.38965522957347876,-0.4394765754398686,0.6241054602901234,0.6489472204116773,0.37232342770936433,0.5583824448877592,-0.2559288707308322,0.17916737018304968,0.6161552012563438,0.5085957228941886,0.5290510741514084,-0.26566208428762683,-0.005545510634872563,0.6935784604530344,0.19604038537227553,0.7357494440186438,-0.192091561275353,0.36090605355803157,0.019191908275152235,0.15411457180410842
FAST,0.3150353672194707,1.0,0.0,0.6726227244208407,-0.3177059237742441,-0.2921170582521292,-0.15392068722407476,0.7240416272347874,0.844616719794517,0.3090358735767263,0.4556479726830338,0.07288754792646768,0.5794524271635771,-0.14010837911515012,0.4953960104516222,-0.07549165216847561,-0.3464251541914808,0.6067655261239376,0.46067692537851235,-0.17589906126866783,-0.3772595845070686,0.8356910344197641,0.6857559142106928,0.6973803467100946,-0.3925112960119759,0.7672537856862351,-0.030878596729768493,-0.17104248037002828,-0.4977077786724177,0.5095960681533043,-0.4656831778190024,0.7193372737523204,-0.05202153426422976,-0.307519427120055,-0.3642272997313517,0.7307762356289712,0.47809199606775793,-0.20500812891915082,0.0,0.06270042793577363,0.07022518710484346,-0.4281473502164731,-0.379571137400355,-0.41823349087785605,0.6352978486606646,0.42517005355029025,0.6575561359857616,0.5180422258091478,-0.5281209783959095,0.783429626754322,0.48273353547954595,0.7933624146521873,0.7849581586339507,0.8374725035369897,0.13138106118700338,-0.04752874349574185,-0.4624313227705333,-0.06336390001570524,-0.4634841336574244
ETN,0.0,0.0,1.0,0.0,0.0,0.0,0.0,0.0,0.0,0.0,0.0,0.0,0.0,0.0,0.0,0.0,0.0,0.0,0.0,0.0,0.0,0.0,0.0,0.0,0.0,0.0,0.0,0.0,0.0,0.0,0.0,0.0,0.0,0.0,0.0,0.0,0.0,0.0,0.0,0.0,0.0,0.0,0.0,0.0,0.0,0.0,0.0,0.0,0.0,0.0,0.0,0.0,0.0,0.0,0.0,0.0,0.0,0.0,0.0
WM,0.16483656067200317,0.6726227244208407,0.0,1.0,-0.3277859856437228,-0.2387096022933819,-0.055692678840237514,0.577015285949414,0.7326934677686758,0.12388979584669907,0.5683261798071979,0.07411942138562655,0.6425307538490037,0.0014231008693719243,0.5785905438949849,-0.06238413053680325,-0.2105822321397875,0.450639007299258,0.3116164617330671,-0.15058302504940008,-0.4569509283798805,0.7721229257536282,0.5850545795704476,0.5372146730735006,-0.33517087769106,0.4798340889030762,0.011359795691800328,-0.05448423242095225,-0.2646857936129115,0.5418893898591763,-0.44787982618812483,0.5597494785705857,-0.07508980324588788,-0.12090277011055495,-0.33639019752182453,0.5292428937909357,0.43413952942247525,-0.06510897715172362,0.0,0.40555740881301805,0.434097991405258,-0.4264853999164055,-0.38309231020721574,-0.2620990774883791,0.4801891309300493,0.30532365113827253,0.34697831545397706,0.38167008969800936,-0.39421281809964065,0.7703695865594173,0.5935460128066072,0.6687667861004242,0.5922096731585746,0.576938166828315,0.10913737166879242,-0.045888655822100714,-0.4171354581301011,-0.04859202247544153,-0.31126702988752536
GE,0.5514338551298115,-0.3177059237742441,0.0,-0.3277859856437228,1.0,0.8007719232219787,0.7136516712447686,-0.29963612030402986,-0.540018816661023,0.1902857541109621,-0.26972197980187385,0.7738149243514063,0.1186115329688209,0.8808540122986264,0.24377565516961344,0.8664314643523294,0.8988420088642297,-0.0685516659852588,-0.4454997997590701,0.7787855531718291,0.759081527058687,-0.39739937873741105,-0.0891903010567076,-0.6287226535753899,0.34241058579048617,0.08143156895625803,0.5110295168961082,0.8522415652513639,0.8141198543321367,-0.45992428690277837,0.6714855384034325,0.21592053771294586,0.7118759394987724,0.2964532926946246,0.8112696498151533,-0.005544833412599311,-0.1312546395964146,0.8016923206215391,0.0,-0.19551885853782625,-0.28352267664728237,0.8141919191107272,0.8279399364591664,0.737958036240381,-0.25002797070570515,-0.7220955039326987,-0.4520012464817865,-0.0917917758795204,0.747150598718014,-0.041615576725358996,-0.5019182375346227,-0.6166089087774841,0.10903831024070966,-0.41959139561057646,0.6553404778478256,-0.3281519189479243,0.8112128209547691,-0.19026224772931236,0.4876335692562793
HII,0.5528907649820474,-0.2921170582521292,0.0,-0.2387096022933819,0.8007719232219787,1.0,0.7083715453832342,-0.20075828532631734,-0.5196586903070637,0.17030350719203513,-0.20455396204320356,0.8086797663134163,0.13975984158781699,0.7757876700147524,0.33703995247486584,0.7852400487594519,0.832157387978447,-0.023423159624192134,-0.5659085661384151,0.7793778179728175,0.7968306232091285,-0.26828931333445394,-0.18296504806215985,-0.6200597184832782,0.6654772403033409,-0.01799636142655958,0.5464509752586294,0.6685089909652944,0.7500681192354904,-0.2517189486913204,0.7775651835848025,0.14964591843453928,0.7430812611821533,0.32041436871865575,0.8279519808512998,0.02253165200266563,0.03310848488198323,0.597418384913085,0.0,-0.3187477089287104,-0.4356020212061324,0.812239329666774,0.8070119170756882,0.810156273528228,-0.20338946883524903,-0.608744563998111,-0.43280437809120653,0.18212780312946292,0.7377714217740292,-0.0015823217179553595,-0.2512137035319354,-0.5095777447862969,0.06323338852773001,-0.4540680686306449,0.5883110978933384,0.022244892463440958,0.8198325617040387,0.1663040565502443,0.7099961936728154
KSU,0.7583090544691247,-0.15392068722407476,0.0,-0.055692678840237514,0.7136516712447686,0.7083715453832342,1.0,-0.004847005453814699,-0.316736654484702,0.397114609322176,0.0943436995883019,0.7758543509064179,0.44473025412378725,0.7291384863001534,0.15785624298783055,0.8480788748716301,0.8127622909227905,0.27730610205922335,-0.28702856772811575,0.8548510235178757,0.7666725638971557,-0.09651246469307329,0.09522594554879328,-0.33938328142857394,0.32542536698000835,0.24734011032236547,0.8279492106468298,0.7504510770323802,0.7630255527961619,-0.04646113998086621,0.6475845116969529,0.21686343188211565,0.7666969628617912,0.30714646841528304,0.8086426154492834,0.28766174099962827,0.021325237389663007,0.6172736669188537,0.0,-0.2234880797166986,-0.28277261826346395,0.8014580505579297,0.7779506486220462,0.5948199257041447,0.17378253360763396,-0.5663505195663667,-0.16797459757500238,0.3017835466104972,0.7662844137510052,0.18266395424397214,-0.41547219350929754,-0.35077752654771055,0.2953438391625257,-0.2711952434887084,0.7258064025931755,-0.3275433698670518,0.5717413450113035,-0.1328553044526104,0.44531522677619095
XYL,0.3959265479246865,0.7240416272347874,0.0,0.577015285949414,-0.29963612030402986,-0.20075828532631734,-0.004847005453814699,1.0,0.7980546506207638,0.43801313143860243,0.5464959822220541,0.0286044211826674,0.6450316230358029,-0.13923403126717276,0.3305714537074342,-0.06679194685253775,-0.36339310978816397,0.7856336720146067,0.38495696016128567,-0.06340719125864389,-0.12679039093241096,0.8751504636163763,0.7662214159326357,0.7875639023356721,-0.15316683206943335,0.7668065950714141,0.15905221401405706,-0.25734436860841703,-0.44721675871778255,0.7419461961788296,-0.26594068065803345,0.42925087459942024,0.09676359532288487,-0.14105783113231837,-0.24139679253207896,0.7657277920386445,0.3868643132476559,-0.2869985074939171,0.0,-0.10112099167812306,-0.10319668956274466,-0.2790996071099149,-0.16084581879987653,-0.38734374008359646,0.8170788591464775,0.6140950204001627,0.7034365268697499,0.7487443258463032,-0.2983081967479376,0.6635049260188073,0.43826910508561356,0.7771993167874266,0.7448838311292385,0.7101299925696511,0.06674954028130217,0.22611103539353694,-0.39804751744937744,0.2296819137556826,-0.31531646357641613
CAT,0.13290763482442336,0.844616719794517,0.0,0.7326934677686758,-0.540018816661023,-0.5196586903070637,-0.316736654484702,0.7980546506207638,1.0,0.3679376507564025,0.5352843830077748,-0.2156766939007816,0.5546550697039672,-0.35501883716742266,0.3744340270741583,-0.32232197799100903,-0.5889368861842519,0.6590059253129168,0.6573574255003003,-0.37070872238165703,-0.5416096257964774,0.893400906731645,0.7247921566593447,0.8730857301979074,-0.5191106796968828,0.6880965905695859,-0.1719996345704361,-0.3703841036817085,-0.6301023709807395,0.5724532966335056,-0.6906130909345304,0.47213654619537765,-0.23116678652950176,-0.26100546289585663,-0.5715853478418043,0.683733121457447,0.4508403996816381,-0.3324225422194658,0.0,0.21464051355919375,0.2465560492022461,-0.6185163150852531,-0.557636312751349,-0.6021921830988172,0.6927220581937807,0.6662284281866351,0.7519101330972315,0.509761636861235,-0.6391946139413508,0.6839432777801673,0.5141778800052343,0.8947621569521419,0.7162281095561993,0.8762146118181892,-0.09173107591974042,0.09457624698876929,-0.6621379901491786,0.017982697792292626,-0.6855699489298058
DE,0.6559604129770805,0.3090358735767263,0.0,0.12388979584669907,0.1902857541109621,0.17030350719203513,0.397114609322176,0.43801313143860243,0.3679376507564025,1.0,0.5099905155819666,0.2567675639934466,0.5542194903438509,0.20381647897124325,0.013824247362760887,0.3716893441010337,0.16385212801359886,0.6957046572154812,0.53548123915822,0.45013079919952154,0.32394917695637804,0.36381891662737853,0.34900819197304067,0.27931684772421206,-0.022700648513715643,0.5312572791726354,0.43919852552208577,0.2662048641614967,0.18016089434692767,0.24987800642884211,0.0643413254968409,0.18913366298261294,0.2929075734562039,0.3770824632077483,0.25813399501728534,0.673390940917441,0.49255115862256027,0.19838538712458853,0.0,-0.25472095201826783,-0.2466139905110525,0.28738113158708367,0.2278446352670948,0.05463725100044945,0.6060228641725361,-0.04901833289792605,0.5806795829319888,0.5344211332441129,0.2384877295528161,0.45200713632202133,-0.19631879266238178,0.2427917444369934,0.6172594740919788,0.49106403333956955,0.445446335827196,-0.03064550362523613,-0.11477620455319452,0.07947502200335778,-0.3603483335713334
BA,0.2998531773117675,0.4556479726830338,0.0,0.5683261798071979,-0.26972197980187385,-0.20455396204320356,0.0943436995883019,0.5464959822220541,0.5352843830077748,0.5099905155819666,1.0,0.0012221006521413369,0.4938696001814802,0.016061445656001826,0.10129806096638949,-0.018257714316117904,-0.12105570860124189,0.4979010386895225,0.47671842270024084,0.006879252317703848,-0.12362330163249075,0.5678033105880314,0.42100052920985154,0.4722737928853886,-0.09478665129551678,0.3428711864005226,0.1932011225554429,-0.05482057146647468,-0.09809444744962648,0.6756868810552833,-0.149880839964254,0.2164913361002582,-0.13488912361320143,0.1651451311803782,-0.15887652320081747,0.5369215343738984,0.5687044910220049,-0.13178938826897102,0.0,0.1589516055087859,0.23933261775882864,-0.1875096840878298,-0.23783126790775116,-0.19238134430889836,0.5610890969540718,0.20618030116348454,0.491054642892202,0.4629745614032695,-0.14402610251101494,0.5011623096585494,0.4033102182297862,0.4839824755621199,0.4480461795917511,0.6035686461952711,0.13781392544827878,0.07386183859750806,-0.43922348522982707,0.1454788259954708,-0.282672042549998
LMT,0.7487803704795324,0.07288754792646768,0.0,0.07411942138562655,0.7738149243514063,0.8086797663134163,0.7758543509064179,0.0286044211826674,-0.2156766939007816,0.2567675639934466,0.0012221006521413369,1.0,0.4294994314734363,0.830101291580374,0.5483895740184519,0.894941520116201,0.8363799462284913,0.23200960544993363,-0.3910288672661987,0.8109292397414192,0.6505042377398906,0.04730077426987654,0.18245051570665685,-0.4013375515610389,0.4094201972942829,0.34175771682910755,0.6850897316105837,0.7270239108345671,0.6431326980065711,-0.16129535464895745,0.621517197258882,0.5314749425630974,0.8170529831184835,0.11969885027414365,0.7805964802465193,0.31389459547349463,0.08531118837588983,0.6217693519282134,0.0,-0.2644388515398379,-0.35154450918049024,0.7317808631193319,0.7318746535926488,0.6843508243367109,0.06256231920679874,-0.5684753349043457,-0.24255615250193016,0.33037902343689923,0.570648581996083,0.35606663120315196,-0.19206403129306834,-0.30660479356837794,0.4195920640338744,-0.16945268989065065,0.7427799510182234,-0.2928624971307387,0.709474761615289,-0.12711995734951648,0.5152078011490535
EMR,0.7229896145019967,0.5794524271635771,0.0,0.6425307538490037,0.1186115329688209,0.13975984158781699,0.44473025412378725,0.6450316230358029,0.5546550697039672,0.5542194903438509,0.4938696001814802,0.4294994314734363,0.9999999999999998,0.3674366040470471,0.48240637283714694,0.3961939122352251,0.17759804169222335,0.8204381687756191,0.3214437768194679,0.4302990860313714,0.13746777227681198,0.6966368746416841,0.70212135367021,0.39688733207377913,-0.1491515414289422,0.7096043344094165,0.5476256356572355,0.29556498643624896,0.1279778183565775,0.46728653401466164,-0.03163804082971859,0.5439078929156976,0.49115895581466684,0.19909988852913563,0.21486068111226794,0.8126733537209005,0.4140204400556359,0.2494934414595677,0.0,-0.04204311510091634,-0.06696328607645681,0.15196639151979066,0.20227742455096542,-0.024021401205949932,0.7760916490159215,0.05936890665406162,0.4113036848614538,0.5924183516052702,0.14290913079997916,0.7654012220434925,0.07000087015194673,0.445443494918128,0.7894329141832288,0.4841714079533476,0.5617029709827497,-0.17826954904014936,-0.09451129113235676,-0.06078054328879111,-0.2100396062874758
MMM,0.6218301902934307,-0.14010837911515012,0.0,0.0014231008693719243,0.8808540122986264,0.7757876700147524,0.7291384863001534,-0.13923403126717276,-0.35501883716742266,0.20381647897124325,0.016061445656001826,0.830101291580374,0.3674366040470471,1.0,0.4367013223908827,0.858941760709644,0.8838488174404865,0.07834236991918343,-0.3572909137552838,0.7846299438673701,0.6748680232176452,-0.16373333258155162,0.09813599632823931,-0.4987716618345824,0.29566422587006813,0.15870048570737133,0.5687230768073188,0.8569546075471413,0.8200276553598349,-0.22134026338104854,0.6168524610582093,0.3573873660263127,0.7043863662428829,0.38337748982676034,0.7537067681332397,0.12051156294574815,0.032743851205320265,0.7814988957910203,0.0,-0.06301568410567537,-0.11566248984927628,0.7324130905375281,0.724430961514873,0.7142552230359637,-0.1006392544663373,-0.6944151036204536,-0.39868563703118415,0.03341997105869598,0.7023204802120944,0.16978298075149978,-0.2818677139684377,-0.46110963443353614,0.256563709578838,-0.2585711836971699,0.7392487836388373,-0.2621082216601155,0.7358453778179105,-0.1221436056367607,0.4728395586108047
TXT,0.3976591623660981,0.4953960104516222,0.0,0.5785905438949849,0.24377565516961344,0.33703995247486584,0.15785624298783055,0.3305714537074342,0.3744340270741583,0.013824247362760887,0.10129806096638949,0.5483895740184519,0.48240637283714694,0.4367013223908827,1.0,0.3167482222977161,0.21605610579306392,0.2916244320253263,-0.1369088786042529,0.1911017688443793,-0.00949808711935688,0.5091588206284379,0.5084176595758614,0.06362224497423805,0.027952586250838903,0.48169534601693986,0.10156996803670115,0.2543851421398683,0.08535366466160038,0.0704166371795565,-0.032310177567310173,0.71261882393411,0.41142219286778436,-0.1704775091121298,0.13830478258598658,0.4069405445595088,0.2842947755330757,0.31535529580074295,0.0,0.17921218542786285,0.08181462329613673,0.012003101383045695,0.0926856395204046,0.23352048856174573,0.12178596184567608,0.015860563271382386,-0.09574392135608095,0.3274146605172736,-0.09868225367974057,0.5544158718875967,0.35897859808106136,0.25621007327082707,0.5774082645481751,0.24567120656849134,0.3847063614447652,-0.03817896038738784,0.26081471757516134,-0.027516640499034236,0.10420391469663469
CTAS,0.7500352050531591,-0.07549165216847561,0.0,-0.06238413053680325,0.8664314643523294,0.7852400487594519,0.8480788748716301,-0.06679194685253775,-0.32232197799100903,0.3716893441010337,-0.018257714316117904,0.894941520116201,0.3961939122352251,0.858941760709644,0.3167482222977161,0.9999999999999999,0.889804111460256,0.20752651848125045,-0.3211543546744605,0.8872358606124588,0.7464370725386689,-0.09664725793846152,0.11404387520876141,-0.4358713290629308,0.36318903694091664,0.2820045629959966,0.7215338781507721,0.8231822204180386,0.7687743353509541,-0.20893606491075523,0.6693843043627077,0.36927154448275235,0.8067958294697781,0.2834474469588478,0.8301210394009971,0.2710090641970497,0.06523003927465244,0.707566986504517,0.0,-0.2608419513693288,-0.3375648829763219,0.8179202319668251,0.8210023312183514,0.6917302633215718,0.06784734941644117,-0.6818987196560691,-0.22602090825871082,0.2381231403062609,0.7436537244428686,0.23726536041350815,-0.387478148454415,-0.4199143052309592,0.3565503484506588,-0.21790783450378742,0.8016634860607269,-0.3565687643453431,0.7023489224041158,-0.16150481122489282,0.45881041609777595
NOC,0.5680700651863294,-0.3464251541914808,0.0,-0.2105822321397875,0.8988420088642297,0.832157387978447,0.8127622909227905,-0.36339310978816397,-0.5889368861842519,0.16385212801359886,-0.12105570860124189,0.8363799462284913,0.17759804169222335,0.8838488174404865,0.21605610579306392,0.889804111460256,0.9999999999999999,-0.10341223576885375,-0.46117217957226037,0.8326807493738093,0.7337135368623497,-0.3916715673592387,-0.16840872499995863,-0.6934831572671968,0.43802945385393066,-0.0527386275732345,0.6247464907948654,0.8764204094136283,0.8946876280263023,-0.35712430232748826,0.7460306670921251,0.1970169087987106,0.7077185220404374,0.35754454300948246,0.8615879508580205,-0.02617551997451675,-0.0345693740811856,0.7584804858708778,0.0,-0.16242820550451215,-0.21809263589540717,0.8520405038372576,0.8113423957819134,0.8048388748951543,-0.23457928991511778,-0.8137675056099648,-0.49193369941318366,-0.04817236905280313,0.7897575720292249,-0.007319474358454307,-0.43365973593874896,-0.649067618579808,0.043246015123253795,-0.4848988299986531,0.6852870724630721,-0.3547431815659632,0.7914473558925412,-0.16322339873425445,0.5862313884908132
DOV,0.6733509399985969,0.6067655261239376,0.0,0.450639007299258,-0.0685516659852588,-0.023423159624192134,0.27730610205922335,0.7856336720146067,0.6590059253129168,0.6957046572154812,0.4979010386895225,0.23200960544993363,0.8204381687756191,0.07834236991918343,0.2916244320253263,0.20752651848125045,-0.10341223576885375,0.9999999999999999,0.5102432256251355,0.3440783254664038,0.14066640269914815,0.7665242149851303,0.7683690741337545,0.5968635804716426,-0.14239169081788638,0.7884722053527213,0.4866466295985063,-0.016504823584438055,-0.10236904374455325,0.5146360869966071,-0.06968828879420151,0.34758403998807674,0.4088496272483475,0.17650099755437193,0.1316483637178596,0.875903197857004,0.37195849086634303,0.002426978471459561,0.0,-0.33333530929787564,-0.3237287226158221,0.10459067494630869,0.12435980875638908,-0.1568613886728894,0.9173076195555621,0.3079430442547742,0.6456944168908478,0.7726409813656989,0.044995617846751504,0.693486118278856,-0.01489390568176826,0.5496865063090444,0.8130152094489078,0.6423873660791626,0.42852811329170537,0.0009873930959644027,-0.23357689642856908,0.07928082036405025,-0.36659552743568674
ALK,0.02163972154632881,0.46067692537851235,0.0,0.3116164617330671,-0.4454997997590701,-0.5659085661384151,-0.28702856772811575,0.38495696016128567,0.6573574255003003,0.53548123915822,0.47671842270024084,-0.3910288672661987,0.3214437768194679,-0.3572909137552838,-0.1369088786042529,-0.3211543546744605,-0.46117217957226037,0.5102432256251355,1.0,-0.21384057446138638,-0.4097495337911037,0.44457768889008975,0.3627512723855653,0.6072119023088363,-0.6036472932225794,0.33566013972997255,-0.17414307874489238,-0.22650456418185222,-0.34914570799068256,0.2806699886637218,-0.5795992124438072,0.02087872038002828,-0.36141540382169224,0.22884035519136903,-0.41214777396925745,0.4694883198800462,0.4160307367619966,-0.16487827479716283,0.0,0.08495851374541127,0.21825496049538035,-0.3775253413006449,-0.5257236984613385,-0.44798905330066474,0.5268027559818906,0.31742060166932007,0.7068756331836865,0.14612888492536874,-0.34625248401459746,0.35927483270278354,0.010440095126747827,0.5399286713615429,0.3911179297452472,0.7494798086025463,0.014858969742192325,-0.056918872205241236,-0.6742755539961754,-0.13057989796790465,-0.8656991570284891
FLS,0.7754800607444491,-0.17589906126866783,0.0,-0.15058302504940008,0.7787855531718291,0.7793778179728175,0.8548510235178757,-0.06340719125864389,-0.37070872238165703,0.45013079919952154,0.006879252317703848,0.8109292397414192,0.4302990860313714,0.7846299438673701,0.1911017688443793,0.8872358606124588,0.8326807493738093,0.3440783254664038,-0.21384057446138638,1.0,0.8283455216750105,-0.09730780074732301,0.0840710207203334,-0.45591015616128994,0.44565178702859826,0.19951300202937128,0.8276087257406923,0.7027528251046493,0.8127952004254938,-0.1570940533583272,0.7672049192989312,0.13138062160278494,0.8594716131713185,0.5100899671773886,0.9379795289266918,0.31663053063647645,0.06577829127953584,0.6567689148791034,0.0,-0.4884265792981387,-0.5316878315030229,0.930596846322307,0.8577658657532926,0.7333281003125558,0.1852942345089359,-0.6496044849662899,-0.1991432202590509,0.3062908143913966,0.865636235000379,0.18313069931966264,-0.5409348675153924,-0.4377443459547044,0.28334334761523305,-0.24304982544221437,0.8357090682924956,-0.2659680344494364,0.6584605110357292,-0.060000737156633434,0.43895789920878736
MAS,0.6126608379622203,-0.3772595845070686,0.0,-0.4569509283798805,0.759081527058687,0.7968306232091285,0.7666725638971557,-0.12679039093241096,-0.5416096257964774,0.32394917695637804,-0.12362330163249075,0.6505042377398906,0.13746777227681198,0.6748680232176452,-0.00949808711935688,0.7464370725386689,0.7337135368623497,0.14066640269914815,-0.4097495337911037,0.8283455216750105,1.0,-0.308837613276602,-0.10239127417905713,-0.4937125644543198,0.5932626964420293,0.039943904860183996,0.6652124993868822,0.5884679609129175,0.7528373632062388,-0.14980224481195897,0.8443154294458496,-0.07504264318128778,0.7623500867834975,0.4346192801143116,0.8739989332789955,0.08782757644260311,-0.026038766638721116,0.5491648859560547,0.0,-0.4957086804420545,-0.5779142638165164,0.9047303247441232,0.8791125667136063,0.704189409487993,0.003520918626244516,-0.5373243410922479,-0.2694073943613638,0.22815599186352048,0.8547138255857709,-0.13535213169617014,-0.46901288115492773,-0.5198253755551375,0.036161886950755756,-0.38325012268698244,0.6219181246234989,-0.014807529765524463,0.7247084756231598,0.1269191313545455,0.5954372337259611
CMI,0.3433903894912552,0.8356910344197641,0.0,0.7721229257536282,-0.39739937873741105,-0.26828931333445394,-0.09651246469307329,0.8751504636163763,0.893400906731645,0.36381891662737853,0.5678033105880314,0.04730077426987654,0.6966368746416841,-0.16373333258155162,0.5091588206284379,-0.09664725793846152,-0.3916715673592387,0.7665242149851303,0.44457768889008975,-0.09730780074732301,-0.308837613276602,1.0,0.7981975814088651,0.7493903139128562,-0.21952906188040242,0.7270402375313811,0.08927073738435119,-0.30072999047981064,-0.46145437263816974,0.6936767823800387,-0.38954869895493427,0.515477588158249,0.062463945452524476,-0.1796719506223195,-0.29677903881593454,0.7952846199773889,0.5005412132220228,-0.2737708722301088,0.0,-0.010078279034883737,-0.0033977074823938365,-0.378173978256201,-0.29602933578528673,-0.39106605765794666,0.7919075312519919,0.5756590030583059,0.6305635567065835,0.7224495376085789,-0.40636773312257346,0.7612938693903445,0.5187626706779986,0.8204951408418465,0.772910643346563,0.7857100300597921,0.10955518994239444,0.13356089028966722,-0.45719020859333825,0.1342695702816586,-0.38794156380599265
PH,0.5156269878386345,0.6857559142106928,0.0,0.5850545795704476,-0.0891903010567076,-0.18296504806215985,0.09522594554879328,0.7662214159326357,0.7247921566593447,0.34900819197304067,0.42100052920985154,0.18245051570665685,0.70212135367021,0.09813599632823931,0.5084176595758614,0.11404387520876141,-0.16840872499995863,0.7683690741337545,0.3627512723855653,0.0840710207203334,-0.10239127417905713,0.7981975814088651,1.0,0.652763610428535,-0.3067236377192528,0.7983869332723013,0.27218573674077007,-0.0752624513468285,-0.2174588881214896,0.4777781199434189,-0.23905577523187635,0.5519745086071588,0.29340876664807547,-0.10775365562356909,-0.08070319048235126,0.691972918548728,0.2770402007826537,-0.07543083462588673,0.0,-0.04084649318336937,-0.006121565883486049,-0.14640596386444787,-0.024973657053397227,-0.26484581958992176,0.7409565529167688,0.4191415543353222,0.42788824855531543,0.600740681793259,-0.16203393090508167,0.6216889583833384,0.17091034249698445,0.5154916546903865,0.8023883756571026,0.6260379782910537,0.25801254039458077,-0.03163266871033908,-0.18229261134755434,0.035636222081074705,-0.3213900357624945
JCI,0.008279993898148541,0.6973803467100946,0.0,0.5372146730735006,-0.6287226535753899,-0.6200597184832782,-0.33938328142857394,0.7875639023356721,0.8730857301979074,0.27931684772421206,0.4722737928853886,-0.4013375515610389,0.39688733207377913,-0.4987716618345824,0.06362224497423805,-0.4358713290629308,-0.6934831572671968,0.5968635804716426,0.6072119023088363,-0.45591015616128994,-0.4937125644543198,0.7493903139128562,0.652763610428535,1.0,-0.5261954886973288,0.580803465280033,-0.19547045972967098,-0.48719942134730837,-0.7028482871689212,0.6540907120423151,-0.6485682482200781,0.25552069745726014,-0.3299997950627206,-0.23196782035271815,-0.6430361658034586,0.512112658407398,0.28896267827551,-0.5147344020903302,0.0,0.16607344363202414,0.2225348894391318,-0.6270928531477966,-0.5586766487652624,-0.7281280423259938,0.6752012864609277,0.7684033938827373,0.7883554352864488,0.4618260175287029,-0.5875102030609958,0.4651497451729132,0.441043188241433,0.8417548928846108,0.5552672655923727,0.7615936547789273,-0.24924513130156623,0.23601390007629866,-0.6759326158330239,0.14586160222706002,-0.6518648388772534
JBHT,0.2171256686345837,-0.3925112960119759,0.0,-0.33517087769106,0.34241058579048617,0.6654772403033409,0.32542536698000835,-0.15316683206943335,-0.5191106796968828,-0.022700648513715643,-0.09478665129551678,0.4094201972942829,-0.1491515414289422,0.29566422587006813,0.027952586250838903,0.36318903694091664,0.43802945385393066,-0.14239169081788638,-0.6036472932225794,0.44565178702859826,0.5932626964420293,-0.21952906188040242,-0.3067236377192528,-0.5261954886973288,1.0,-0.31655002496993,0.3305803536611116,0.09562179169811012,0.4216203616606281,-0.012574218045325977,0.783725040353372,-0.2211738788436558,0.4598812781068606,0.19879661172502466,0.5859446381451705,-0.12937332538014007,0.11493240659169286,0.05911656422695768,0.0,-0.4630061218729041,-0.5708826916307463,0.5541879952627116,0.6059178516503703,0.5981434454615346,-0.1589113860173432,-0.22059405728455583,-0.3543060510435754,0.27373984716436967,0.5078887293792227,-0.2198591362404405,-0.00232875631569787,-0.40755682727838505,-0.26637345555490816,-0.484985289512185,0.13360111961631815,0.370464014746848,0.5775227930372465,0.5223815792564337,0.7823786647265201
SWK,0.640899091946599,0.7672537856862351,0.0,0.4798340889030762,0.08143156895625803,-0.01799636142655958,0.24734011032236547,0.7668065950714141,0.6880965905695859,0.5312572791726354,0.3428711864005226,0.34175771682910755,0.7096043344094165,0.15870048570737133,0.48169534601693986,0.2820045629959966,-0.0527386275732345,0.7884722053527213,0.33566013972997255,0.19951300202937128,0.039943904860183996,0.7270402375313811,0.7983869332723013,0.580803465280033,-0.31655002496993,1.0,0.33771055645581094,0.11333674057452563,-0.20816399723764137,0.373379408799457,-0.2030932048860945,0.7167779273335654,0.33400151990104787,-0.2152116774270555,0.006592193731975655,0.8115439458839467,0.24227871889601216,0.0729918807878844,0.0,-0.1275148397611178,-0.15974795532710373,-0.0380404112152012,0.06701717413417406,-0.2347056198663385,0.7280768481742523,0.25498897338495885,0.573766223666939,0.6090058401627023,-0.13736209191637844,0.7694996140305193,0.10991986075310167,0.5801519460239066,0.9200276828959119,0.6554918221003974,0.36015009969309775,-0.1838088277586186,-0.17628675439386116,-0.14207297896286925,-0.3343049081378567
AVY,0.7994083771193566,-0.030878596729768493,0.0,0.011359795691800328,0.5110295168961082,0.5464509752586294,0.8279492106468298,0.15905221401405706,-0.1719996345704361,0.43919852552208577,0.1932011225554429,0.6850897316105837,0.5476256356572355,0.5687230768073188,0.10156996803670115,0.7215338781507721,0.6247464907948654,0.4866466295985063,-0.17414307874489238,0.8276087257406923,0.6652124993868822,0.08927073738435119,0.27218573674077007,-0.19547045972967098,0.3305803536611116,0.33771055645581094,1.0,0.4674720176605037,0.5827479420831894,0.1009597745882441,0.6251420007869435,0.19182522580037625,0.7601695327470384,0.3057468956862184,0.7700098878464556,0.4043032370011196,-0.000889594630841966,0.3597935131657358,0.0,-0.44911045272841454,-0.4719380498751805,0.7443714141271514,0.7353506231167086,0.45424749420469307,0.41812551218552263,-0.42287076263868856,-0.048775315527053074,0.44902722383721927,0.7008949570112102,0.2854208568629307,-0.4259525186770355,-0.2644602371796395,0.34855341738337015,-0.14783944829220286,0.6432819344838179,-0.26730883594937105,0.3981588917186651,-0.015446818339945958,0.3787287243117562
ADP,0.5319491519525417,-0.17104248037002828,0.0,-0.05448423242095225,0.8522415652513639,0.6685089909652944,0.7504510770323802,-0.25734436860841703,-0.3703841036817085,0.2662048641614967,-0.05482057146647468,0.7270239108345671,0.29556498643624896,0.8569546075471413,0.2543851421398683,0.8231822204180386,0.8764204094136283,-0.016504823584438055,-0.22650456418185222,0.7027528251046493,0.5884679609129175,-0.30072999047981064,-0.0752624513468285,-0.48719942134730837,0.09562179169811012,0.11333674057452563,0.4674720176605037,1.0,0.7855581140404895,-0.3117794540502628,0.46420649683119947,0.3213873069104451,0.5580166386920269,0.3582054068846061,0.6571728584440569,0.09751740881288551,0.009126092232792952,0.8860585744252506,0.0,0.06838365561652023,0.01924070078717474,0.6704660610488383,0.6238083632942614,0.6413934040515349,-0.16473325337781528,-0.7503000692384196,-0.28917349851869556,-0.11837398291024065,0.6234557195799225,0.13946104330082337,-0.3734549909127962,-0.4221377628174998,0.20533733135454055,-0.26385638127320576,0.7160473595304218,-0.4611723102851636,0.5926901670078839,-0.3515443821374158,0.29578832433290236
UNP,0.47449792013550074,-0.4977077786724177,0.0,-0.2646857936129115,0.8141198543321367,0.7500681192354904,0.7630255527961619,-0.44721675871778255,-0.6301023709807395,0.18016089434692767,-0.09809444744962648,0.6431326980065711,0.1279778183565775,0.8200276553598349,0.08535366466160038,0.7687743353509541,0.8946876280263023,-0.10236904374455325,-0.34914570799068256,0.8127952004254938,0.7528373632062388,-0.46145437263816974,-0.2174588881214896,-0.7028482871689212,0.4216203616606281,-0.20816399723764137,0.5827479420831894,0.7855581140404895,1.0,-0.34337601193050704,0.7330124751111592,-0.071815705626713,0.6366961407808629,0.5921232336576454,0.8485655660660125,-0.10208164414202299,0.024919897558196964,0.7584587544926316,0.0,-0.10584653400690391,-0.14653008264212486,0.8513756982600875,0.7533484041926578,0.8293120472670177,-0.25140616508524716,-0.806815614425247,-0.5353681656701581,-0.12696722374468056,0.8782803617365124,-0.14584955595051025,-0.5061186746382546,-0.6944525727293097,-0.10064800464485496,-0.4998111800460132,0.6731077065110855,-0.23995321554602683,0.7269777407279472,-0.07161299127163115,0.5228000347704103
RHI,0.1670547730671324,0.5095960681533043,0.0,0.5418893898591763,-0.45992428690277837,-0.2517189486913204,-0.04646113998086621,0.7419461961788296,0.5724532966335056,0.24987800642884211,0.6756868810552833,-0.16129535464895745,0.46728653401466164,-0.22134026338104854,0.0704166371795565,-0.20893606491075523,-0.35712430232748826,0.5146360869966071,0.2806699886637218,-0.1570940533583272,-0.14980224481195897,0.6936767823800387,0.4777781199434189,0.6540907120423151,-0.012574218045325977,0.373379408799457,0.1009597745882441,-0.3117794540502628,-0.34337601193050704,0.9999999999999999,-0.15816084378772716,0.11932452226362941,-0.13654391550019299,0.058797372293426714,-0.3011844671751938,0.52529765352019,0.48435649114998847,-0.3731535060348406,0.0,0.0340710695231039,0.06588515839050811,-0.32339850559574324,-0.26108159652225127,-0.3584652807183532,0.6418356045326505,0.5194457787591822,0.5499070274881643,0.573141610658571,-0.21463000947932187,0.45706135486866806,0.5966091082653342,0.6859858548968121,0.38923014422956903,0.541344308730074,-0.04017105980732073,0.3542517373792447,-0.4922191590271914,0.378117181281225,-0.12987796228356124
EFX,0.4595905720149989,-0.4656831778190024,0.0,-0.44787982618812483,0.6714855384034325,0.7775651835848025,0.6475845116969529,-0.26594068065803345,-0.6906130909345304,0.0643413254968409,-0.149880839964254,0.621517197258882,-0.03163804082971859,0.6168524610582093,-0.032310177567310173,0.6693843043627077,0.7460306670921251,-0.06968828879420151,-0.5795992124438072,0.7672049192989312,0.8443154294458496,-0.38954869895493427,-0.23905577523187635,-0.6485682482200781,0.783725040353372,-0.2030932048860945,0.6251420007869435,0.46420649683119947,0.7330124751111592,-0.15816084378772716,0.9999999999999999,-0.16890773085325766,0.6826798883630639,0.4076316524035397,0.8829576103392272,-0.10216109376560831,-0.06778159610498778,0.4114715527238315,0.0,-0.5662225921746258,-0.6084703673038585,0.8815467367246789,0.8364620539892696,0.789387108347913,-0.14760389353826495,-0.5631859999963138,-0.44876418742401714,0.16538837097873055,0.825029438790604,-0.19255104103546383,-0.3873893136264419,-0.6413127752994515,-0.16184091572479725,-0.5515988364766604,0.48279911938608705,0.06948172641818393,0.7637805271644805,0.2561263724051309,0.8043665231037291
GWW,0.5051928392924212,0.7193372737523204,0.0,0.5597494785705857,0.21592053771294586,0.14964591843453928,0.21686343188211565,0.42925087459942024,0.47213654619537765,0.18913366298261294,0.2164913361002582,0.5314749425630974,0.5439078929156976,0.3573873660263127,0.71261882393411,0.36927154448275235,0.1970169087987106,0.34758403998807674,0.02087872038002828,0.13138062160278494,-0.07504264318128778,0.515477588158249,0.5519745086071588,0.25552069745726014,-0.2211738788436558,0.7167779273335654,0.19182522580037625,0.3213873069104451,-0.071815705626713,0.11932452226362941,-0.16890773085325766,1.0,0.28075437053521446,-0.37174546528012453,0.011108299632594226,0.5137353246811514,0.25591599147524435,0.20218168251336005,0.0,0.1747615920225861,0.12494259159307636,-0.06757114981052582,0.03918910259159981,-0.018189228817479773,0.31053124708983687,-0.015556979707524078,0.2072851502583723,0.30422792339827165,-0.2101516039121843,0.6787520318262696,0.28422684472199594,0.35407209158626707,0.7218483715622246,0.40561702372057995,0.3294815547648561,-0.2991875651018339,0.05991944637556227,-0.23992836212950855,-0.0910958412964353
ITW,0.8069485666412037,-0.05202153426422976,0.0,-0.07508980324588788,0.7118759394987724,0.7430812611821533,0.7666969628617912,0.09676359532288487,-0.23116678652950176,0.2929075734562039,-0.13488912361320143,0.8170529831184835,0.49115895581466684,0.7043863662428829,0.41142219286778436,0.8067958294697781,0.7077185220404374,0.4088496272483475,-0.36141540382169224,0.8594716131713185,0.7623500867834975,0.062463945452524476,0.29340876664807547,-0.3299997950627206,0.4598812781068606,0.33400151990104787,0.7601695327470384,0.5580166386920269,0.6366961407808629,-0.13654391550019299,0.6826798883630639,0.28075437053521446,1.0,0.2397758690718575,0.8654435002999903,0.3530655728471548,0.014839901951777375,0.5386457330596056,0.0,-0.49702333052956177,-0.5916557147810644,0.8120722188709872,0.8715982172034691,0.6159177698564202,0.2504598057245379,-0.3703264867842253,-0.22903039222333507,0.44054579261282184,0.6912294160999428,0.21229974087534886,-0.4336275506918136,-0.33332210582731214,0.37811209812368674,-0.23161462846492953,0.7190234494110905,-0.15949664634890784,0.7126202640834467,0.03468245602941869,0.4710863729169781
LUV,0.23505167806910265,-0.307519427120055,0.0,-0.12090277011055495,0.2964532926946246,0.32041436871865575,0.30714646841528304,-0.14105783113231837,-0.26100546289585663,0.3770824632077483,0.1651451311803782,0.11969885027414365,0.19909988852913563,0.38337748982676034,-0.1704775091121298,0.2834474469588478,0.35754454300948246,0.17650099755437193,0.22884035519136903,0.5100899671773886,0.4346192801143116,-0.1796719506223195,-0.10775365562356909,-0.23196782035271815,0.19879661172502466,-0.2152116774270555,0.3057468956862184,0.3582054068846061,0.5921232336576454,0.058797372293426714,0.4076316524035397,-0.37174546528012453,0.2397758690718575,1.0,0.451830908990528,0.06178163262972519,0.3148088852354112,0.4126798763668362,0.0,-0.1981205383820061,-0.1270102349784631,0.5001727461087166,0.3032867878603517,0.48113903621574106,0.067858085563646,-0.39457752258134565,-0.07689410819005066,-0.029325619907672136,0.6171885162192826,-0.028902225727832312,-0.3392640295191339,-0.2537704606206887,-0.07463873604108576,-0.0654879476475998,0.4599741990844468,0.1806455742176793,0.18753759793171054,0.2671669659682756,0.050770178766646704
SNA,0.6729355883624349,-0.3642272997313517,0.0,-0.33639019752182453,0.8112696498151533,0.8279519808512998,0.8086426154492834,-0.24139679253207896,-0.5715853478418043,0.25813399501728534,-0.15887652320081747,0.7805964802465193,0.21486068111226794,0.7537067681332397,0.13830478258598658,0.8301210394009971,0.8615879508580205,0.1316483637178596,-0.41214777396925745,0.9379795289266918,0.8739989332789955,-0.29677903881593454,-0.08070319048235126,-0.6430361658034586,0.5859446381451705,0.006592193731975655,0.7700098878464556,0.6571728584440569,0.8485655660660125,-0.3011844671751938,0.8829576103392272,0.011108299632594226,0.8654435002999903,0.451830908990528,1.0,0.10256015468545085,-0.04578002146225348,0.6337185731650382,0.0,-0.534611482487317,-0.591140721774558,0.9767654404185451,0.914881860394986,0.8237532251690376,-0.021116309659467498,-0.6737663097467884,-0.4072846766166207,0.1812509235325876,0.8801268816084202,-0.020364721277046173,-0.5862950897658367,-0.6204286494886783,0.05562060915523843,-0.45200528207228585,0.721019914043626,-0.20095592383545732,0.7773498731883967,0.002902740308747636,0.6102212275651022
PCAR,0.6787765293926314,0.7307762356289712,0.0,0.5292428937909357,-0.005544833412599311,0.02253165200266563,0.28766174099962827,0.7657277920386445,0.683733121457447,0.673390940917441,0.5369215343738984,0.31389459547349463,0.8126733537209005,0.12051156294574815,0.4069405445595088,0.2710090641970497,-0.02617551997451675,0.875903197857004,0.4694883198800462,0.31663053063647645,0.08782757644260311,0.7952846199773889,0.691972918548728,0.512112658407398,-0.12937332538014007,0.8115439458839467,0.4043032370011196,0.09751740881288551,-0.10208164414202299,0.52529765352019,-0.10216109376560831,0.5137353246811514,0.3530655728471548,0.06178163262972519,0.10256015468545085,1.0,0.5148124119052875,0.11926559672920986,0.0,-0.2230866780184768,-0.24707815682526335,0.036561733416245135,0.07328255634999196,-0.09996956283049394,0.8468391113655928,0.24298272935310994,0.6532130847377431,0.7212634597495118,-0.040817398241101546,0.7782018525688537,0.14762186613036987,0.6349940110947405,0.8495497529460607,0.7117714244321514,0.4824237052102371,-0.15778619085779305,-0.2756263977631619,-0.07075331427292453,-0.3255174965016069
